Task(1).A=[-10,1;-0.02,-2];
Task(1).B=[0;2];
Task(1).C=[1 0];
Task(1).p=0.015;
Task(1).e=0.005;
Task(1).K=[122.8023 16.7514 0.3311];
Task(1).poles=[0.5 0.5 0.5];


Task(2).A=[-0.2 0.67; -10 -100];
Task(2).B=[0; 37000];
Task(2).C=[1 0];
Task(2).p=0.01;
Task(2).e=0.003;
Task(2).K=[0.1365 0.0009 0.1655];
Task(2).poles=[0.4,0.4,0.4];

Task(3).A=[-10 1; -0.2 -15];
Task(3).B=[0; 20];
Task(3).C=[1 0];
Task(3).p=0.02;
Task(3).e=0.006;
Task(3).K=[0.2938 0.0566 -0.5405];
Task(3).poles=[0.7,0.7,0.7];

Task(4).A=[0 1 0; 0 -1.0865  8487.2; 0 -9963.6 -1.4545e6];
Task(4).B=[0; 0; 3.6364e5];
Task(4).C=[1 0 0];
Task(4).p=0.03;
Task(4).e=0.008;
Task(4).K=[0.0091 0.0201 5.6765 -1.6308];
Task(4).poles=[0.7,0.7,0.7 0.7];

Task(5).A=[0 1 0; 0 -0.0227  54.5455; 0 -35.2857 -70];
Task(5).B=[0; 0; 28.1754];
Task(5).C=[1 0 0];
Task(5).p=0.025;
Task(5).e=0.007;
Task(5).K=[23.3252 0.8360 0.6791 0.4576];
Task(5).poles=[0.3,0.3,0.3 0.3];
